        eigenvalue percentage of variance cumulative percentage of variance
comp 1  8.21954528             34.2481053                          34.24811
comp 2  3.31228128             13.8011720                          48.04928
comp 3  1.98129190              8.2553829                          56.30466
comp 4  1.52372237              6.3488432                          62.65350
comp 5  1.20340351              5.0141813                          67.66768
comp 6  1.09503600              4.5626500                          72.23033
comp 7  0.90806543              3.7836060                          76.01394
comp 8  0.83684906              3.4868711                          79.50081
comp 9  0.80068391              3.3361830                          82.83699
comp 10 0.63286662              2.6369443                          85.47394
comp 11 0.54395129              2.2664637                          87.74040
comp 12 0.45120478              1.8800199                          89.62042
comp 13 0.42554009              1.7730837                          91.39351
comp 14 0.37058483              1.5441035                          92.93761
comp 15 0.31443987              1.3101661                          94.24778
comp 16 0.26714110              1.1130879                          95.36086
comp 17 0.24669781              1.0279075                          96.38877
comp 18 0.20220015              0.8425006                          97.23127
comp 19 0.19499199              0.8124666                          98.04374
comp 20 0.13026795              0.5427831                          98.58652
comp 21 0.12037272              0.5015530                          99.08807
comp 22 0.09216394              0.3840164                          99.47209
comp 23 0.08404211              0.3501755                          99.82227
comp 24 0.04265600              0.1777333                         100.00000
